# unix_time, cycles_done, cur_path, paths_total, pending_total, pending_favs, map_size, unique_crashes, unique_hangs, max_depth, execs_per_sec
1479489315, 0, 0, 2, 2, 2, 1.37%, 0, 0, 1, 941.18
1479489320, 1, 7, 40, 23, 0, 1.43%, 0, 0, 3, 2692.01
1479489326, 2, 39, 42, 19, 0, 1.43%, 0, 0, 4, 2987.98
1479489331, 3, 45, 46, 19, 0, 1.44%, 0, 0, 4, 3156.20
1479489336, 4, 25, 49, 18, 0, 1.44%, 0, 0, 6, 3178.28
1479489341, 5, 10, 51, 13, 0, 1.44%, 0, 0, 6, 3221.80
1479489346, 6, 19, 52, 10, 0, 1.44%, 0, 0, 7, 3270.70
1479489351, 7, 19, 53, 9, 0, 1.44%, 0, 0, 7, 3263.54
1479489357, 7, 52, 56, 9, 0, 1.44%, 0, 0, 7, 3217.95
1479489362, 7, 54, 59, 11, 0, 1.44%, 0, 0, 8, 3223.47
1479489367, 9, 38, 59, 10, 0, 1.44%, 0, 0, 8, 3287.68
1479489372, 9, 58, 60, 8, 0, 1.44%, 0, 0, 8, 3273.76
1479489377, 10, 58, 62, 9, 0, 1.44%, 0, 0, 9, 3233.34
1479489382, 10, 61, 63, 10, 0, 1.44%, 0, 0, 10, 3201.64
1479489387, 11, 56, 63, 9, 0, 1.44%, 0, 0, 10, 2772.79
1479489392, 12, 55, 63, 7, 0, 1.44%, 0, 0, 10, 2449.17
1479489397, 13, 53, 63, 6, 0, 1.44%, 0, 0, 10, 2428.79
